object Form2: TForm2
  Left = 0
  Top = 0
  Caption = 'Form2'
  ClientHeight = 480
  ClientWidth = 640
  FormFactor.Width = 320
  FormFactor.Height = 480
  FormFactor.Devices = [Desktop]
  DesignerMasterStyle = 0
  object py155: TMemo
    Touch.InteractiveGestures = [Pan, LongTap, DoubleTap]
    DataDetectorTypes = []
    Position.X = 104.000000000000000000
    Position.Y = 136.000000000000000000
    Size.Width = 441.000000000000000000
    Size.Height = 161.000000000000000000
    Size.PlatformDefault = False
    TabOrder = 0
    Viewport.Width = 437.000000000000000000
    Viewport.Height = 157.000000000000000000
  end
end
